   
   ans =

     1     1     2     3     3     1     3     3     3     4     3     4     3     3


abs_min_error =

   1.5257e+03
   

ans =

     2     2     2     3     2     0     2     3     0     3     1     0     3     5


abs_min_error =

   1.5204e+03